2.6937079429626465,16,quit_early
[45. 36. 81. 53. 70. 21. 67.  4.  0. nan]
3.0311641693115234,67,quit_early
[45. 36. 81. 53. 70. 21. nan  4.  0. 78.]
3.1837310791015625,36,quit_early
[45. nan 81. 53. 70. 21.  7.  4.  0. 78.]
3.5624020099639893,70,quit_early
[45. 25. 81. 53. nan 21.  7.  4.  0. 78.]
4.17984414100647,21,quit_early
[45. 25. 81. 53. 38. nan  7.  4.  0. 78.]
4.186284065246582,0,quit_early
[45. 25. 81. 53. 38. nan  7.  4. nan 78.]
5.544996023178101,81,complete
[45. 25. nan 53. 38. 54.  7.  4. 60. 78.]
5.727041006088257,45,complete
[nan 25.  8. 53. 38. 54.  7.  4. 60. 78.]
6.390028953552246,53,quit_early
[32. 25.  8. nan 38. 54.  7.  4. 60. 78.]
6.499212980270386,4,quit_early
[32. 25.  8.  5. 38. 54.  7. nan 60. 78.]
8.428812980651855,38,quit_early
[32. 25.  8.  5. nan 54.  7. 34. 60. 78.]
8.91969108581543,32,quit_early
[nan 25.  8.  5. 10. 54.  7. 34. 60. 78.]
10.087460041046143,7,quit_early
[55. 25.  8.  5. 10. 54. nan 34. 60. 78.]
10.283759117126465,60,quit_early
[55. 25.  8.  5. 10. 54. 79. 34. nan 78.]
10.303253889083862,34,quit_early
[55. 25.  8.  5. 10. 54. 79. nan nan 78.]
10.526648044586182,8,quit_early
[55. 25. nan  5. 10. 54. 79. 23. 17. 78.]
10.620362043380737,54,quit_early
[55. 25. 68.  5. 10. nan 79. 23. 17. 78.]
12.045709133148193,5,quit_early
[55. 25. 68. nan 10. 83. 79. 23. 17. 78.]
13.080933094024658,25,complete
[55. nan 68. 71. 10. 83. 79. 23. 17. 78.]
13.57505202293396,10,quit_early
[55. 75. 68. 71. nan 83. 79. 23. 17. 78.]
14.21292519569397,83,quit_early
[55. 75. 68. 71. 61. nan 79. 23. 17. 78.]
14.86607313156128,79,quit_early
[55. 75. 68. 71. 61. 26. nan 23. 17. 78.]
15.459123849868774,23,quit_early
[55. 75. 68. 71. 61. 26. 89. nan 17. 78.]
16.00371813774109,55,quit_early
[30. 75. 68. 71. 61. 26. 89. 93. 17. 78.]
16.017396926879883,68,quit_early
[30. 75. nan 71. 61. 26. 89. 93. 17. 78.]
17.382641077041626,75,quit_early
[30. nan 22. 71. 61. 26. 89. 93. 17. 78.]
18.631659984588623,26,quit_early
[30. 73. 22. 71. 61. nan 89. 93. 17. 78.]
19.077107191085815,71,quit_early
[30. 73. 22. nan 61. 41. 89. 93. 17. 78.]
19.291563034057617,93,quit_early
[30. 73. 22. 57. 61. 41. 89. nan 17. 78.]
19.46391010284424,89,quit_early
[30. 73. 22. 57. 61. 41. nan 37. 17. 78.]
20.175815105438232,17,complete
[30. 73. 22. 57. 61. 41. 95. 37. nan 78.]
21.177983045578003,73,quit_early
[30. nan 22. 57. 61. 41. 95. 37. 31. 78.]
21.187801122665405,61,quit_early
[30. nan 22. 57. nan 41. 95. 37. 31. 78.]
21.667442083358765,30,quit_early
[nan 19. 22. 57. 33. 41. 95. 37. 31. 78.]
22.176225900650024,22,quit_early
[72. 19. nan 57. 33. 41. 95. 37. 31. 78.]
22.609868049621582,41,quit_early
[72. 19. 69. 57. 33. nan 95. 37. 31. 78.]
22.872490882873535,37,quit_early
[72. 19. 69. 57. 33. 11. 95. nan 31. 78.]
23.105435132980347,95,quit_early
[72. 19. 69. 57. 33. 11. nan 39. 31. 78.]
23.35525393486023,57,quit_early
[72. 19. 69. nan 33. 11.  1. 39. 31. 78.]
23.49785017967224,33,quit_early
[72. 19. 69. 86. nan 11.  1. 39. 31. 78.]
24.069966077804565,72,quit_early
[nan 19. 69. 86. 66. 11.  1. 39. 31. 78.]
24.898760080337524,19,quit_early
[47. nan 69. 86. 66. 11.  1. 39. 31. 78.]
25.755061864852905,11,quit_early
[47. 90. 69. 86. 66. nan  1. 39. 31. 78.]
26.09119987487793,1,quit_early
[47. 90. 69. 86. 66.  6. nan 39. 31. 78.]
26.221336126327515,31,quit_early
[47. 90. 69. 86. 66.  6. 87. 39. nan 78.]
26.32337713241577,39,quit_early
[47. 90. 69. 86. 66.  6. 87. nan nan 78.]
26.34170699119568,86,quit_early
[47. 90. 69. nan 66.  6. 87. nan nan 78.]
26.621644020080566,47,quit_early
[nan 90. 69. 46. 66.  6. 87. 85. 80. 78.]
27.052255868911743,90,quit_early
[ 9. nan 69. 46. 66.  6. 87. 85. 80. 78.]
27.09362816810608,69,quit_early
[ 9. 59. nan 46. 66.  6. 87. 85. 80. 78.]
28.15338706970215,46,quit_early
[ 9. 59. 27. nan 66.  6. 87. 85. 80. 78.]
28.600159883499146,85,quit_early
[ 9. 59. 27. 64. 66.  6. 87. nan 80. 78.]
28.608829975128174,80,quit_early
[ 9. 59. 27. 64. 66.  6. 87. nan nan 78.]
28.911128044128418,87,quit_early
[ 9. 59. 27. 64. 66.  6. nan 50.  2. 78.]
29.128021001815796,9,quit_early
[nan 59. 27. 64. 66.  6. 77. 50.  2. 78.]
30.14578104019165,27,quit_early
[92. 59. nan 64. 66.  6. 77. 50.  2. 78.]
30.70884919166565,59,quit_early
[92. nan 88. 64. 66.  6. 77. 50.  2. 78.]
31.36603307723999,64,quit_early
[92. 20. 88. 14. 66.  6. 77. 50.  2. 78.]
31.774684190750122,92,quit_early
[nan 20. 88. 14. 66.  6. 77. 50.  2. 78.]
31.95835590362549,6,quit_early
[18. 20. 88. 14. 66. nan 77. 50.  2. 78.]
32.50479316711426,88,quit_early
[18. 20. nan 14. 66. 49. 77. 50.  2. 78.]
33.40110397338867,77,quit_early
[18. 20. 15. 14. 66. 49. nan 50.  2. 78.]
34.181379079818726,2,quit_early
[18. 20. 15. 14. 66. 49. 84. 50. nan 78.]
34.355432987213135,50,quit_early
[18. 20. 15. 14. 66. 49. 84. nan 24. 78.]
35.37056612968445,49,quit_early
[18. 20. 15. 14. 66. nan 84. 94. 24. 78.]
36.50035500526428,24,quit_early
[18. 20. 15. 14. 66. 42. 84. 94. nan 78.]
36.59951901435852,84,quit_early
[18. 20. 15. 14. 66. 42. nan 94. nan 78.]
37.22712802886963,18,quit_early
[nan 20. 15. 14. 66. 42. 62. 94. 82. 78.]
37.24244403839111,94,quit_early
[nan 20. 15. 14. 66. 42. 62. nan 82. 78.]
38.266056060791016,15,quit_early
[28. 20. nan 14. 66. 42. 62.  3. 82. 78.]
38.32274413108826,42,quit_early
[28. 20. 91. 14. 66. nan 62.  3. 82. 78.]
39.062345027923584,82,quit_early
[28. 20. 91. 14. 66. 56. 62.  3. nan 78.]
41.17504620552063,91,quit_early
[28. 20. nan 14. 66. 56. 62.  3. 43. 78.]
41.48615288734436,3,quit_early
[28. 20. 13. 14. 66. 56. 62. nan 43. 78.]
41.59329414367676,28,quit_early
[nan 20. 13. 14. 66. 56. 62. 44. 43. 78.]
42.04149007797241,20,complete
[35. nan 13. 14. 66. 56. 62. 44. 43. 78.]
42.43756699562073,56,quit_early
[35. 52. 13. 14. 66. nan 62. 44. 43. 78.]
42.99789619445801,62,quit_early
[35. 52. 13. 14. 66. 74. nan 44. 43. 78.]
43.087191104888916,43,quit_early
[35. 52. 13. 14. 66. 74. 12. 44. nan 78.]
43.96789813041687,35,quit_early
[nan 52. 13. 14. 66. 74. 12. 44. 58. 78.]
44.85950207710266,44,quit_early
[51. 52. 13. 14. 66. 74. 12. nan 58. 78.]
45.43631196022034,74,quit_early
[51. 52. 13. 14. 66. nan 12. 29. 58. 78.]
47.17203903198242,58,quit_early
[51. 52. 13. 14. 66. 48. 12. 29. nan 78.]
47.614384174346924,52,quit_early
[51. nan 13. 14. 66. 48. 12. 29. 63. 78.]
47.65219712257385,12,quit_early
[51. 40. 13. 14. 66. 48. nan 29. 63. 78.]
49.120084047317505,48,quit_early
[51. 40. 13. 14. 66. nan 76. 29. 63. 78.]
49.674808979034424,40,quit_early
[51. nan 13. 14. 66. 65. 76. 29. 63. 78.]
50.40937113761902,51,quit_early
[nan nan 13. 14. 66. 65. 76. 29. 63. 78.]
50.560693979263306,76,quit_early
[nan nan 13. 14. 66. 65. nan 29. 63. 78.]
51.1389319896698,29,quit_early
[nan nan 13. 14. 66. 65. nan nan 63. 78.]
51.363699197769165,63,quit_early
[nan nan 13. 14. 66. 65. nan nan nan 78.]
52.038055181503296,65,quit_early
[nan nan 13. 14. 66. nan nan nan nan 78.]
